16 16
0 0 18 19
0 0 18 20
0 0 21 19
0 0 19 21
0 18 16 18
0 18 6 21
0 18 15 18
0 18 15 22
0 18 3 19
0 18 4 20
0 18 9 21
0 18 14 20
0 18 14 22
0 18 5 20
0 21 6 18
0 21 2 19
0 21 17 22
0 21 1 22
0 21 4 21
0 21 9 21
0 21 8 20
0 21 10 18
0 21 10 22
0 21 11 18
0 21 5 18
0 19 16 21
0 19 16 19
0 19 6 19
0 19 2 19
0 19 4 22
0 19 9 21
0 19 11 19
0 19 14 21
0 19 14 20
0 19 7 22
0 19 13 20
0 20 2 18
0 20 12 22
0 20 3 22
0 20 1 21
0 20 1 19
0 20 9 18
0 20 9 21
0 20 9 19
0 20 8 18
0 20 11 20
0 20 14 20
0 20 7 20
0 22 16 22
0 22 6 18
0 22 6 21
0 22 15 18
0 22 4 20
0 22 8 20
0 22 8 22
0 22 14 19
0 22 7 18
0 22 7 22
0 22 5 21
0 22 13 19
16 16 15 2
16 16 17 4
16 6 6 12
16 2 16 14
16 2 2 13
16 2 17 17
16 2 3 6
16 2 11 15
16 2 13 14
16 12 12 4
16 12 4 10
16 3 17 2
16 3 9 8
16 3 11 9
16 3 14 12
16 1 17 9
16 1 1 9
16 4 12 7
16 4 11 12
16 4 7 5
16 9 1 2
16 8 2 2
16 8 3 8
16 10 2 1
16 10 15 17
16 10 14 10
16 10 7 11
16 11 16 5
16 11 15 13
16 11 8 7
16 14 3 10
16 14 1 9
16 14 1 8
16 14 8 5
16 14 10 17
16 5 5 12
16 13 8 1
16 13 11 14
16 13 5 15
16 13 13 5
6 6 10 9
6 6 10 7
6 6 7 1
6 6 13 15
6 2 8 9
6 15 12 14
6 15 1 14
6 15 8 9
6 15 7 3
6 17 9 10
6 17 10 9
6 12 11 1
6 12 11 7
6 3 17 8
6 3 4 10
6 3 10 3
6 3 13 7
6 1 12 5
6 4 7 10
6 9 14 13
6 8 17 13
6 11 15 7
6 11 17 1
6 11 11 9
6 14 10 13
6 14 5 9
6 7 17 15
6 7 1 5
6 7 8 12
6 7 11 14
6 5 15 11
6 5 10 17
6 13 17 7
6 13 3 8
6 13 8 12
6 13 7 11
2 2 11 4
2 15 15 12
2 15 15 3
2 15 15 10
2 15 1 5
2 15 9 15
2 15 7 10
2 15 5 5
2 17 12 8
2 12 2 10
2 12 2 13
2 12 12 17
2 12 9 10
2 1 15 3
2 1 8 13
2 4 3 3
2 4 3 1
2 4 13 7
2 8 4 4
2 8 4 10
2 8 13 4
2 11 4 7
2 11 14 15
2 14 5 5
2 7 15 11
2 7 17 11
2 13 9 3
2 13 8 7
15 17 12 8
15 17 8 14
15 3 12 12
15 1 3 9
15 1 1 5
15 4 8 14
15 4 11 7
15 4 5 3
15 9 9 9
15 9 10 11
15 8 4 5
15 10 4 1
15 11 17 8
15 14 10 7
15 14 14 9
15 7 4 7
15 5 3 7
15 5 4 3
17 17 1 14
17 12 13 4
17 3 1 10
17 3 14 14
17 1 5 4
17 4 17 5
17 4 12 1
17 4 7 1
17 9 12 12
17 9 9 11
17 8 3 4
17 10 5 3
17 10 5 13
17 10 13 9
17 11 3 13
17 11 1 14
17 11 11 11
17 14 1 12
17 7 5 14
17 7 13 4
17 5 10 1
17 5 10 14
17 5 7 12
17 5 13 5
12 12 13 4
12 3 1 13
12 3 14 9
12 4 3 1
12 4 7 9
12 9 12 7
12 8 14 14
12 10 12 11
12 10 8 13
12 10 13 5
12 11 1 9
12 7 8 10
12 5 3 8
12 13 3 7
12 13 5 5
12 13 5 13
3 3 10 13
3 3 11 4
3 3 7 9
3 4 1 9
3 4 10 10
3 8 1 14
3 11 4 13
3 11 7 14
3 14 10 11
3 14 10 5
1 1 1 11
1 4 7 8
1 8 4 8
1 8 4 11
1 8 10 9
1 10 8 7
1 11 9 13
1 11 5 9
1 14 4 5
1 14 8 5
4 9 9 10
4 9 11 14
4 8 13 11
4 5 7 13
9 9 5 13
9 8 10 8
9 10 8 5
9 11 7 5
8 8 13 14
8 10 14 10
10 14 7 11
11 7 5 7
11 13 7 13
14 13 5 13
